start=96.971875
volume=54.000000
