start=3693.523167
volume=78.000000
