start=5147.225417
volume=60.000000
