start=2290.291667
volume=50.000000
